(996666, 0)
[0]{"num_added":3}
(1106243, 2)
[2]{"num_added":3}
(15655, 0)
[0]{"num_added":2}
(8346, 0)
[1]{"num_added":4}
(9751, 7)
[1]{"num_added":6}
(1103771, 0)
[1]{"num_added":3}
(483290, 0)
[1]{"num_added":7}
(1322205, 1)
[1]{"num_added":6}
(22624, 0)
[1]{"num_added":7}
(1093217, 0)
[1]{"num_added":3}
(1257704, 0)
[1]{"num_added":0}
(1988601, 1)
[2]{"num_added":1}
(1322410, 0)
[1]{"num_added":1}
(1872320, 1)
[1]{"num_added":8}
(15319, 3)
[0]{"num_added":4}
(1113233, 0)
[1]{"num_added":4}
(1116509, 1)
[1]{"num_added":3}
(1079088, 0)
[0]{"num_added":3}
(14748, 4)
[0]{"num_added":3}
(572128, 1)
[1]{"num_added":0}
(1209741, 0)
[1]{"num_added":5}
(740032, 0)
[1]{"num_added":2}
(8371, 1)
[1]{"num_added":5}
(1073, 0)
[1]{"num_added":6}
(14938, 0)
[1]{"num_added":4}
(1079668, 1)
[1]{"num_added":4}
(1086334, 0)
[1]{"num_added":3}
(715472, 0)
[1]{"num_added":6}
(2328, 0)
[1]{"num_added":8}
(265189, 0)
[1]{"num_added":1}
(1428758, 2)
[0]{"num_added":2}
(5134, 6)
[0]{"num_added":7}
(7826, 0)
[1]{"num_added":6}
(1114051, 1)
[1]{"num_added":0}
(1075041, 0)
[1]{"num_added":8}
(1649334, 0)
[1]{"num_added":2}
(1108208, 0)
[1]{"num_added":4}
(1848907, 4)
[2]{"num_added":0}
(407497, 2)
[1]{"num_added":4}
(1260125, 0)
[1]{"num_added":2}
(1313569, 3)
[2]{"num_added":5}
(474, 0)
[0]{"num_added":4}
(991199, 1)
[0]{"num_added":3}
(683296, 0)
[1]{"num_added":1}
(874876, 0)
[1]{"num_added":2}
(843745, 1)
[0]{"num_added":0}
(4668, 7)
[1]{"num_added":3}
(2736, 0)
[2]{"num_added":7}
(1790919, 0)
[1]{"num_added":6}
(1097717, 0)
[2]{"num_added":3}
(1708, 18)
[1]{"num_added":5}
(1091038, 0)
[1]{"num_added":6}
(220, 3)
[1]{"num_added":0}
(3620, 5)
[2]{"num_added":6}
(1423518, 2)
[1]{"num_added":6}
(754, 0)
[1]{"num_added":7}
(1134071, 0)
[1]{"num_added":3}
(1132520, 0)
[0]{"num_added":2}
(1237186, 1)
[1]{"num_added":4}
(2824, 15)
[1]{"num_added":0}
(477382, 1)
[1]{"num_added":3}
(2742, 2)
[1]{"num_added":1}
(1200425, 0)
[0]{"num_added":4}
(1690, 0)
[1]{"num_added":3}
(1200527, 1)
[0]{"num_added":3}
(627980, 2)
[1]{"num_added":4}
(1077595, 0)
[1]{"num_added":3}
(1102111, 0)
[1]{"num_added":2}
(325939, 1)
[1]{"num_added":4}
(675996, 0)
[1]{"num_added":0}
(1278562, 1)
[1]{"num_added":5}
(1098231, 0)
[1]{"num_added":6}
(1095699, 0)
[0]{"num_added":5}
(19663, 1)
[0]{"num_added":1}
(8406, 5)
[0]{"num_added":8}
(9783, 0)
[1]{"num_added":8}
(1202726, 0)
[0]{"num_added":2}
(1106621, 0)
[0]{"num_added":4}
(1111610, 0)
[1]{"num_added":0}
(602706, 1)
[0]{"num_added":5}
(220, 2)
[2]{"num_added":5}
(1117591, 0)
[1]{"num_added":2}
(418955, 2)
[1]{"num_added":2}
(1000499, 5)
[1]{"num_added":2}
(991265, 0)
[0]{"num_added":3}
(1882562, 0)
[1]{"num_added":4}
(1134884, 1)
[1]{"num_added":1}
(1074354, 0)
[1]{"num_added":3}
(1469608, 2)
[0]{"num_added":0}
(1372719, 2)
[0]{"num_added":1}
(2040, 1)
[2]{"num_added":1}
(1194734, 0)
[1]{"num_added":3}
(1435882, 0)
[1]{"num_added":1}
(661503, 0)
[1]{"num_added":0}
(1071271, 0)
[1]{"num_added":7}
(1086061, 2)
[1]{"num_added":7}
(594203, 1)
[0]{"num_added":3}
(7356, 0)
[1]{"num_added":0}
(1268599, 0)
[1]{"num_added":5}
(972573, 0)
[2]{"num_added":3}
(1119072, 0)
[2]{"num_added":4}
(438, 0)
[1]{"num_added":0}
(1240126, 0)
[1]{"num_added":3}
(690279, 0)
[2]{"num_added":0}
(1135330, 0)
[1]{"num_added":3}
(1561184, 0)
[0]{"num_added":6}
(1358249, 1)
[1]{"num_added":5}
(1119859, 0)
[0]{"num_added":3}
(5948, 0)
[2]{"num_added":5}
(1818738, 0)
[1]{"num_added":3}
(1123202, 0)
[1]{"num_added":6}
(876, 0)
[2]{"num_added":7}
(990648, 1)
[1]{"num_added":3}
(1119347, 0)
[2]{"num_added":7}
(1329495, 0)
[1]{"num_added":2}
(1098181, 0)
[1]{"num_added":1}
(1074796, 0)
[1]{"num_added":3}
(780748, 0)
[1]{"num_added":2}
(1079787, 0)
[2]{"num_added":5}
(1576729, 0)
[1]{"num_added":8}
(910110, 0)
[0]{"num_added":3}
(1070016, 0)
[1]{"num_added":4}
(4719, 14)
[0]{"num_added":0}
(1440404, 0)
[1]{"num_added":3}
(319918, 0)
[0]{"num_added":0}
(1795847, 1)
[1]{"num_added":2}
(1046274, 2)
[1]{"num_added":10}
(722006, 1)
[0]{"num_added":8}
(1121053, 0)
[2]{"num_added":4}
(1001, 0)
[0]{"num_added":2}
(2025033, 0)
[1]{"num_added":0}
(1089000, 0)
[1]{"num_added":3}
(16959, 0)
[0]{"num_added":10}
(6985, 0)
[1]{"num_added":2}
(1109049, 0)
[1]{"num_added":1}
(11605, 3)
[2]{"num_added":4}
(1052542, 0)
[1]{"num_added":3}
(1092987, 0)
[0]{"num_added":4}
(1338092, 0)
[1]{"num_added":5}
(416, 0)
[1]{"num_added":7}
(1152, 1)
[1]{"num_added":3}
(1101613, 0)
[1]{"num_added":3}
(250098, 2)
[1]{"num_added":1}
(1257777, 0)
[1]{"num_added":3}
(1136299, 0)
[0]{"num_added":4}
(742179, 1)
[0]{"num_added":1}
(855712, 0)
[1]{"num_added":4}
(7357, 0)
[2]{"num_added":6}
(1737, 0)
[2]{"num_added":7}
(1477, 0)
[1]{"num_added":6}
(1916408, 0)
[1]{"num_added":7}
(10881, 0)
[1]{"num_added":5}
(23003, 0)
[0]{"num_added":3}
(6891, 0)
[1]{"num_added":8}
(1093640, 0)
[0]{"num_added":6}
(2249, 5)
[0]{"num_added":0}
(1090269, 0)
[1]{"num_added":4}
(1283780, 0)
[1]{"num_added":7}
(1127726, 0)
[1]{"num_added":2}
(6548, 1)
[1]{"num_added":7}
(805914, 0)
[1]{"num_added":3}
(1131139, 0)
[1]{"num_added":6}
(835370, 8)
[1]{"num_added":1}
(1103109, 0)
[1]{"num_added":5}
(1376, 0)
[0]{"num_added":6}
(7216, 7)
[0]{"num_added":1}
(113, 16)
[1]{"num_added":2}
(1044153, 1)
[1]{"num_added":6}
(488892, 1)
[0]{"num_added":4}
(643821, 0)
[0]{"num_added":0}
(850553, 0)
[0]{"num_added":2}
(1197219, 1)
[1]{"num_added":10}
(4668, 0)
[1]{"num_added":8}
(5722, 0)
[1]{"num_added":7}
(8681, 4)
[0]{"num_added":5}
(2657, 0)
[2]{"num_added":7}
(789260, 2)
[1]{"num_added":7}
(8373, 0)
[1]{"num_added":6}
(1168246, 2)
[0]{"num_added":2}
(19317, 0)
[2]{"num_added":6}
(1714168, 3)
[0]{"num_added":0}
(2755, 0)
[2]{"num_added":7}
(1551648, 0)
[1]{"num_added":0}
(1102920, 0)
[1]{"num_added":4}
(1097572, 0)
[0]{"num_added":5}
(400, 3)
[1]{"num_added":0}
(512085, 0)
[1]{"num_added":0}
(1105017, 0)
[0]{"num_added":5}
(1397, 0)
[1]{"num_added":6}
(645, 0)
[2]{"num_added":7}
(417721, 0)
[1]{"num_added":2}
(725, 1)
[1]{"num_added":10}
(269861, 0)
[1]{"num_added":3}
(1535061, 0)
[0]{"num_added":0}
(1133818, 0)
[0]{"num_added":4}
(1106243, 0)
[1]{"num_added":5}
(233898, 3)
[1]{"num_added":1}
(1104101, 0)
[1]{"num_added":8}
(1121564, 0)
[1]{"num_added":1}
(1072219, 0)
[0]{"num_added":6}
(927946, 0)
[0]{"num_added":0}
(1588333, 0)
[0]{"num_added":0}
(1272849, 1)
[1]{"num_added":2}
(1014666, 0)
[1]{"num_added":3}
(9591, 6)
[1]{"num_added":4}
(1027746, 0)
[0]{"num_added":7}
(1390677, 0)
[1]{"num_added":2}
(960892, 2)
[0]{"num_added":0}
(1188404, 0)
[1]{"num_added":5}
(327, 0)
[1]{"num_added":4}
(11018, 1)
[1]{"num_added":10}
(9744, 0)
[1]{"num_added":6}
(1119841, 0)
[1]{"num_added":5}
(457504, 0)
[1]{"num_added":5}
(1984378, 1)
[1]{"num_added":0}
(1162249, 0)
[1]{"num_added":6}
(1313047, 0)
[1]{"num_added":4}
(1856438, 0)
[1]{"num_added":6}
(984518, 0)
[1]{"num_added":5}
(1019088, 2)
[1]{"num_added":5}
(1435882, 1)
[1]{"num_added":1}
(1401537, 0)
[1]{"num_added":5}
(86, 0)
[2]{"num_added":10}
(1128822, 0)
[1]{"num_added":4}
(489984, 1)
[1]{"num_added":5}
(10803, 0)
[1]{"num_added":6}
(533490, 1)
[1]{"num_added":2}
(1096681, 0)
[0]{"num_added":2}
(831169, 4)
[1]{"num_added":5}
(1131592, 0)
[1]{"num_added":4}
(1071040, 0)
[1]{"num_added":3}
(501472, 0)
[2]{"num_added":4}
(591330, 0)
[0]{"num_added":1}
(591320, 0)
[1]{"num_added":1}
(1086274, 0)
[1]{"num_added":3}
(1114962, 0)
[1]{"num_added":2}
(393697, 0)
[1]{"num_added":3}
(1856185, 1)
[1]{"num_added":2}
(1131080, 0)
[1]{"num_added":6}
(1360377, 1)
[1]{"num_added":2}
(1133685, 0)
[2]{"num_added":4}
(1121701, 0)
[1]{"num_added":4}
(1800914, 0)
[0]{"num_added":6}
(2708, 1)
[0]{"num_added":8}
(1108120, 0)
[1]{"num_added":4}
(391455, 3)
[1]{"num_added":3}
(12622, 0)
[0]{"num_added":9}
(344082, 1)
[1]{"num_added":2}
(1100514, 0)
[2]{"num_added":4}
(1127154, 0)
[0]{"num_added":5}
(923, 2)
[2]{"num_added":2}
(721774, 0)
[1]{"num_added":4}
(1084244, 0)
[2]{"num_added":3}
(1100516, 0)
[1]{"num_added":6}
(1102345, 0)
[1]{"num_added":2}
(1093671, 0)
[1]{"num_added":7}
(81, 0)
[2]{"num_added":7}
(1609256, 0)
[1]{"num_added":6}
(1161101, 0)
[0]{"num_added":4}
(23005, 0)
[0]{"num_added":1}
(933, 0)
[1]{"num_added":5}
(712244, 0)
[1]{"num_added":1}
(1322229, 0)
[0]{"num_added":0}
(1101178, 1)
[1]{"num_added":1}
(1593216, 0)
[1]{"num_added":7}
(1076578, 1)
[1]{"num_added":2}
(1872716, 0)
[1]{"num_added":5}
(1567223, 2)
[2]{"num_added":3}
(1562371, 0)
[1]{"num_added":0}
(1078941, 0)
[1]{"num_added":3}
(1288024, 0)
[1]{"num_added":6}
(4877, 1)
[1]{"num_added":4}
(1096569, 0)
[1]{"num_added":4}
(1131702, 0)
[2]{"num_added":5}
(5855, 2)
[2]{"num_added":0}
(8407, 0)
[0]{"num_added":2}
(236259, 0)
[0]{"num_added":0}
(1131131, 0)
[1]{"num_added":4}
(605265, 1)
[0]{"num_added":5}
(1118245, 1)
[1]{"num_added":6}
(350365, 0)
[1]{"num_added":5}
(1134484, 0)
[0]{"num_added":2}
(1120511, 1)
[1]{"num_added":6}
(2399, 0)
[2]{"num_added":6}
(224914, 0)
[1]{"num_added":2}
(9226, 1)
[0]{"num_added":1}
(1103721, 0)
[2]{"num_added":9}
(387891, 0)
[1]{"num_added":1}
(873483, 0)
[1]{"num_added":0}
(1133054, 0)
[1]{"num_added":4}
(1842030, 0)
[1]{"num_added":3}
(1685718, 0)
[2]{"num_added":7}
(1072243, 0)
[1]{"num_added":6}
(927259, 0)
[1]{"num_added":3}
(1091759, 0)
[0]{"num_added":7}
(645593, 0)
[0]{"num_added":5}
(1361837, 0)
[1]{"num_added":4}
(1787925, 0)
[2]{"num_added":3}
(1079247, 0)
[2]{"num_added":5}
(1356998, 0)
[0]{"num_added":0}
(472636, 0)
[0]{"num_added":2}
(305287, 2)
[0]{"num_added":0}
(1075411, 0)
[0]{"num_added":5}
(1757704, 2)
[0]{"num_added":4}
(1303160, 0)
[1]{"num_added":1}
(1123254, 0)
[1]{"num_added":4}
(1083094, 0)
[1]{"num_added":4}
(1119557, 0)
[1]{"num_added":4}
(1120964, 0)
[1]{"num_added":2}
(1926724, 0)
[1]{"num_added":7}
(1570582, 0)
[1]{"num_added":1}
(886429, 1)
[1]{"num_added":8}
(1085020, 0)
[0]{"num_added":2}
(3571, 15)
[0]{"num_added":0}
(815771, 1)
[1]{"num_added":1}
(1537693, 0)
[0]{"num_added":3}
(1095164, 0)
[0]{"num_added":5}
(890364, 1)
[1]{"num_added":3}
(1135539, 0)
[1]{"num_added":4}
(1417819, 0)
[1]{"num_added":2}
(1486087, 1)
[1]{"num_added":1}
(1404292, 0)
[1]{"num_added":3}
(411089, 0)
[1]{"num_added":7}
(397559, 0)
[1]{"num_added":4}
(1540766, 0)
[1]{"num_added":5}
(1104340, 0)
[1]{"num_added":4}
(1438437, 2)
[0]{"num_added":1}
(588378, 1)
[1]{"num_added":0}
(833132, 1)
[1]{"num_added":2}
(1081971, 0)
[2]{"num_added":3}
(1094629, 0)
[1]{"num_added":5}
(1721149, 1)
[1]{"num_added":7}
(1857356, 0)
[2]{"num_added":5}
(1084313, 0)
[1]{"num_added":3}
(1088217, 0)
[1]{"num_added":2}
(311404, 2)
[1]{"num_added":6}
(1491, 0)
[0]{"num_added":3}
(1187447, 0)
[0]{"num_added":2}
(457, 0)
[1]{"num_added":5}
(8106, 0)
[0]{"num_added":1}
(530864, 0)
[1]{"num_added":0}
(1292833, 0)
[1]{"num_added":2}
(1120195, 0)
[1]{"num_added":4}
(1228146, 1)
[1]{"num_added":4}
(571324, 0)
[1]{"num_added":1}
(1355472, 0)
[0]{"num_added":3}
(1010287, 0)
[1]{"num_added":3}
(1357806, 0)
[1]{"num_added":5}
(1091800, 0)
[1]{"num_added":2}
(1071704, 1)
[1]{"num_added":3}
(1514221, 0)
[1]{"num_added":4}
(1251625, 0)
[0]{"num_added":1}
(1122401, 0)
[0]{"num_added":3}
(764109, 0)
[1]{"num_added":4}
(681, 0)
[1]{"num_added":5}
(2517, 2)
[0]{"num_added":1}
(1166175, 0)
[1]{"num_added":3}
(1079093, 0)
[1]{"num_added":5}
(1535886, 0)
[0]{"num_added":0}
(6785, 0)
[1]{"num_added":7}
(966527, 0)
[0]{"num_added":4}
(228987, 34)
[1]{"num_added":3}
(1210891, 0)
[1]{"num_added":6}
(936997, 0)
[0]{"num_added":1}
(20899, 0)
[0]{"num_added":5}
(298582, 4)
[1]{"num_added":0}
(6888, 0)
[1]{"num_added":8}
(739110, 0)
[0]{"num_added":0}
(638529, 1)
[1]{"num_added":0}
(8062, 0)
[1]{"num_added":5}
(1107017, 0)
[1]{"num_added":5}
(1798359, 2)
[1]{"num_added":5}
(999892, 0)
[1]{"num_added":1}
(1099257, 0)
[0]{"num_added":4}
(966436, 0)
[0]{"num_added":1}
(1798336, 1)
[1]{"num_added":4}
(718882, 0)
[1]{"num_added":5}
(1073234, 0)
[1]{"num_added":6}
(1101496, 0)
[1]{"num_added":2}
(1521851, 0)
[1]{"num_added":4}
(1083847, 0)
[1]{"num_added":5}
(745686, 0)
[1]{"num_added":3}
(1252581, 0)
[1]{"num_added":4}
(1105647, 0)
[1]{"num_added":1}
(628841, 0)
[1]{"num_added":3}
(980, 0)
[2]{"num_added":5}
(1129973, 0)
[1]{"num_added":7}
(1230996, 0)
[1]{"num_added":2}
(1478273, 1)
[1]{"num_added":1}
(2652, 0)
[2]{"num_added":7}
(590337, 1)
[2]{"num_added":0}
(1071144, 0)
[1]{"num_added":5}
(582097, 0)
[0]{"num_added":4}
(1133326, 0)
[1]{"num_added":4}
(1229006, 0)
[0]{"num_added":0}
(1457212, 1)
[1]{"num_added":3}
(1125431, 0)
[2]{"num_added":0}
(557670, 1)
[1]{"num_added":0}
(1110194, 0)
[1]{"num_added":4}
(1390797, 0)
[0]{"num_added":0}
(744603, 3)
[0]{"num_added":1}
(1298134, 1)
[1]{"num_added":6}
(1992919, 0)
[1]{"num_added":3}
(1079827, 0)
[1]{"num_added":4}
(1390677, 1)
[1]{"num_added":4}
(7324, 0)
[1]{"num_added":4}
(970488, 0)
[1]{"num_added":3}
(1075767, 0)
[1]{"num_added":3}
(453, 4)
[2]{"num_added":5}
(1589750, 0)
[0]{"num_added":5}
(1814, 0)
[1]{"num_added":5}
(1086061, 0)
[1]{"num_added":5}
(2238, 1)
[1]{"num_added":0}
(1127478, 0)
[1]{"num_added":1}
(1060177, 0)
[1]{"num_added":5}
(439, 0)
[2]{"num_added":6}
(1514611, 1)
[1]{"num_added":1}
(652651, 0)
[2]{"num_added":6}
(178, 0)
[1]{"num_added":6}
(306055, 0)
[1]{"num_added":4}
(9527, 1)
[1]{"num_added":1}
(540522, 0)
[1]{"num_added":7}
(1095183, 0)
[1]{"num_added":3}
(1143619, 0)
[1]{"num_added":5}
(1080395, 0)
[0]{"num_added":3}
(1083013, 0)
[0]{"num_added":7}
(1802786, 0)
[1]{"num_added":1}
(1514565, 0)
[1]{"num_added":4}
(872941, 0)
[1]{"num_added":4}
(1426646, 1)
[1]{"num_added":1}
(1007875, 1)
[1]{"num_added":7}
(1230774, 0)
[1]{"num_added":7}
(1135285, 0)
[1]{"num_added":3}
(1093638, 0)
[1]{"num_added":4}
(475642, 2)
[1]{"num_added":5}
(1476, 0)
[2]{"num_added":3}
(1465350, 1)
[1]{"num_added":3}
(2223, 0)
[0]{"num_added":1}
(1106953, 0)
[1]{"num_added":5}
(522514, 0)
[0]{"num_added":0}
(1252285, 0)
[1]{"num_added":2}
(839586, 0)
[1]{"num_added":5}
(1082242, 0)
[1]{"num_added":3}
(2282, 0)
[2]{"num_added":4}
(572982, 1)
[1]{"num_added":0}
(1097611, 0)
[2]{"num_added":4}
(7340, 0)
[2]{"num_added":6}
(339, 0)
[1]{"num_added":7}
(1470702, 0)
[0]{"num_added":0}
(1418959, 1)
[2]{"num_added":1}
(1417669, 0)
[2]{"num_added":3}
(984586, 0)
[1]{"num_added":0}
(1761492, 1)
[0]{"num_added":4}
(808961, 0)
[2]{"num_added":3}
(1723108, 0)
[1]{"num_added":6}
(8970, 0)
[1]{"num_added":6}
(847110, 0)
[1]{"num_added":3}
(1098177, 0)
[1]{"num_added":4}
(1599785, 0)
[1]{"num_added":6}
(1643053, 0)
[1]{"num_added":4}
(1451771, 1)
[1]{"num_added":1}
(7071, 0)
[1]{"num_added":2}
(1105533, 6)
[0]{"num_added":2}
(1482714, 0)
[1]{"num_added":4}
(2029658, 2)
[1]{"num_added":0}
(486886, 0)
[1]{"num_added":4}
(1469891, 0)
[0]{"num_added":7}
(1090966, 0)
[0]{"num_added":5}
(1071353, 0)
[1]{"num_added":4}
(278311, 1)
[1]{"num_added":1}
(1229231, 0)
[0]{"num_added":2}
(1076707, 2)
[1]{"num_added":3}
(1506003, 0)
[1]{"num_added":7}
(1915049, 1)
[1]{"num_added":2}
(519, 11)
[1]{"num_added":9}
(1072260, 0)
[1]{"num_added":0}
(508958, 0)
[1]{"num_added":1}
(1083552, 0)
[0]{"num_added":3}
(1136675, 0)
[1]{"num_added":3}
(1106780, 0)
[1]{"num_added":4}
(513146, 0)
[1]{"num_added":1}
(2223, 1)
[0]{"num_added":6}
(530818, 1)
[2]{"num_added":0}
(246005, 1)
[1]{"num_added":2}
(1080402, 1)
[2]{"num_added":4}
(1398475, 0)
[0]{"num_added":1}
(11605, 4)
[2]{"num_added":2}
(975226, 0)
[0]{"num_added":1}
(521401, 3)
[0]{"num_added":0}
(1227921, 2)
[1]{"num_added":2}
(561504, 0)
[1]{"num_added":0}
(1113777, 0)
[1]{"num_added":3}
(999452, 1)
[1]{"num_added":1}
(342714, 9)
[1]{"num_added":4}
(1790913, 2)
[0]{"num_added":1}
(961457, 0)
[0]{"num_added":1}
(539430, 0)
[1]{"num_added":3}
(617140, 0)
[0]{"num_added":1}
(416455, 1)
[1]{"num_added":2}
(5836, 5)
[1]{"num_added":6}
(2205, 1)
[1]{"num_added":3}
(1816159, 1)
[1]{"num_added":4}
(481, 0)
[1]{"num_added":4}
(1835563, 0)
[1]{"num_added":3}
(747, 0)
[1]{"num_added":7}
(1597406, 1)
[0]{"num_added":6}
(521103, 0)
[1]{"num_added":4}
(511093, 0)
[1]{"num_added":2}
(553122, 0)
[1]{"num_added":7}
(1480514, 0)
[1]{"num_added":3}
(1076534, 0)
[1]{"num_added":3}
(1369785, 1)
[0]{"num_added":3}
(1778045, 0)
[2]{"num_added":4}
(1094963, 0)
[1]{"num_added":2}
(1199923, 2)
[1]{"num_added":3}
(1095794, 0)
[1]{"num_added":3}
(496810, 1)
[1]{"num_added":4}
(511514, 0)
[1]{"num_added":3}
(1112598, 0)
[1]{"num_added":6}
(1093664, 0)
[1]{"num_added":3}
(1386510, 1)
[1]{"num_added":1}
(1134671, 0)
[1]{"num_added":6}
(735, 1)
[2]{"num_added":6}
(1119188, 0)
[0]{"num_added":5}
(1423698, 0)
[1]{"num_added":4}
(577, 0)
[0]{"num_added":7}
(1391996, 2)
[0]{"num_added":1}
(1435585, 0)
[0]{"num_added":2}
(853, 0)
[1]{"num_added":9}
(1104870, 0)
[1]{"num_added":1}
(868806, 1)
[1]{"num_added":3}
(1884004, 0)
[1]{"num_added":0}
(1122122, 0)
[2]{"num_added":2}
(414763, 1)
[1]{"num_added":1}
(1522176, 3)
[0]{"num_added":1}
(1609674, 1)
[1]{"num_added":2}
(9939, 0)
[1]{"num_added":0}
(924518, 0)
[1]{"num_added":4}
(265897, 0)
[1]{"num_added":6}
(476976, 2)
[1]{"num_added":6}
(1072253, 0)
[1]{"num_added":6}
(1490061, 1)
[1]{"num_added":5}
(1072325, 0)
[1]{"num_added":3}
(1109006, 0)
[1]{"num_added":4}
(359279, 1)
[1]{"num_added":4}
(1140845, 0)
[1]{"num_added":4}
(1574708, 0)
[1]{"num_added":4}
(397969, 0)
[1]{"num_added":2}
(351735, 1)
[0]{"num_added":0}
(1013271, 0)
[1]{"num_added":4}
(1314943, 2)
[2]{"num_added":3}
(1076885, 0)
[1]{"num_added":3}
(8465, 0)
[1]{"num_added":4}
(330252, 15)
[0]{"num_added":1}
(1883454, 0)
[1]{"num_added":4}
(1096384, 0)
[1]{"num_added":0}
(1862472, 0)
[1]{"num_added":2}
(1461950, 0)
[0]{"num_added":1}
(619607, 0)
[0]{"num_added":1}
(695190, 2)
[1]{"num_added":1}
(1308493, 0)
[1]{"num_added":5}
(47, 0)
[0]{"num_added":5}
(606102, 0)
[1]{"num_added":3}
(608002, 0)
[1]{"num_added":2}
(650787, 0)
[1]{"num_added":6}
(259713, 1)
[1]{"num_added":4}
(297317, 0)
[1]{"num_added":0}
(958597, 0)
[1]{"num_added":4}
(301581, 3)
[1]{"num_added":7}
(1110139, 0)
[0]{"num_added":3}
(1077917, 0)
[0]{"num_added":5}
(1525210, 1)
[1]{"num_added":3}
(2440, 0)
[2]{"num_added":5}
(1346481, 0)
[1]{"num_added":2}
(305737, 1)
[1]{"num_added":3}
(1113077, 0)
[1]{"num_added":5}
(1856031, 0)
[2]{"num_added":4}
(1236199, 0)
[1]{"num_added":2}
(1094321, 1)
[0]{"num_added":1}
(321660, 0)
[1]{"num_added":5}
(234403, 0)
[1]{"num_added":4}
(555164, 0)
[0]{"num_added":0}
(1571873, 0)
[1]{"num_added":8}
(1201827, 2)
[1]{"num_added":2}
(1478427, 0)
[1]{"num_added":0}
(1119915, 0)
[1]{"num_added":5}
(1115719, 0)
[0]{"num_added":2}
(513653, 0)
[1]{"num_added":8}
(1441705, 0)
[0]{"num_added":0}
(1811743, 0)
[1]{"num_added":2}
(1513794, 0)
[0]{"num_added":4}
(222883, 0)
[1]{"num_added":4}
(321860, 0)
[0]{"num_added":5}
(1104179, 0)
[0]{"num_added":4}
(979495, 0)
[0]{"num_added":2}
(563359, 0)
[0]{"num_added":0}
(1102407, 0)
[1]{"num_added":5}
(1144502, 0)
[1]{"num_added":3}
(830, 1)
[1]{"num_added":4}
(725511, 11)
[0]{"num_added":0}
(653, 0)
[2]{"num_added":4}
(432856, 0)
[1]{"num_added":3}
(605570, 2)
[1]{"num_added":2}
(1188786, 0)
[1]{"num_added":1}
(1550324, 1)
[1]{"num_added":2}
(758413, 0)
[1]{"num_added":1}
(1881, 3)
[1]{"num_added":8}
(1500935, 0)
[1]{"num_added":1}
(1087266, 0)
[1]{"num_added":4}
(1489217, 0)
[1]{"num_added":4}
(559405, 0)
[1]{"num_added":4}
(223688, 3)
[1]{"num_added":5}
(1014871, 0)
[0]{"num_added":3}
(505936, 0)
[1]{"num_added":5}
(1157061, 0)
[0]{"num_added":8}
(1094992, 0)
[0]{"num_added":6}
(282088, 33)
[0]{"num_added":0}
(493535, 0)
[1]{"num_added":8}
(908285, 0)
[1]{"num_added":3}
(1093394, 0)
[1]{"num_added":5}
(1540392, 2)
[1]{"num_added":1}
(1338074, 0)
[1]{"num_added":3}
(1860850, 0)
[2]{"num_added":4}
(759785, 1)
[2]{"num_added":5}
(1003597, 0)
[1]{"num_added":3}
(1122326, 0)
[1]{"num_added":0}
(1293772, 0)
[1]{"num_added":4}
(2193, 2)
[0]{"num_added":2}
(800952, 0)
[1]{"num_added":2}
(1136223, 0)
[1]{"num_added":4}
(981515, 0)
[1]{"num_added":1}
(1398625, 0)
[1]{"num_added":2}
(1101111, 0)
[1]{"num_added":4}
(556153, 1)
[1]{"num_added":3}
(1336028, 1)
[1]{"num_added":3}
(2338, 0)
[1]{"num_added":8}
(1481520, 0)
[1]{"num_added":7}
(1495556, 1)
[1]{"num_added":4}
(1103650, 0)
[0]{"num_added":5}
(303266, 10)
[1]{"num_added":6}
(1499842, 1)
[1]{"num_added":3}
(330856, 0)
[0]{"num_added":1}
(1106861, 0)
[1]{"num_added":3}
(1475435, 0)
[1]{"num_added":6}
(991203, 0)
[1]{"num_added":5}
(1091811, 0)
[0]{"num_added":3}
(1122451, 0)
[1]{"num_added":2}
(1165101, 0)
[1]{"num_added":5}
(1077858, 0)
[0]{"num_added":6}
(1572480, 0)
[1]{"num_added":5}
(911718, 0)
[0]{"num_added":2}
(1108597, 0)
[1]{"num_added":4}
(613064, 0)
[1]{"num_added":3}
(962635, 1)
[0]{"num_added":1}
(1095622, 0)
[1]{"num_added":3}
(1118753, 0)
[0]{"num_added":5}
(1101504, 2)
[1]{"num_added":3}
(359759, 1)
[1]{"num_added":5}
(1862472, 2)
[1]{"num_added":2}
(1945539, 0)
[0]{"num_added":3}
(1423459, 2)
[0]{"num_added":1}
(1404936, 0)
[0]{"num_added":2}
(1093, 0)
[0]{"num_added":1}
(1413729, 0)
[0]{"num_added":0}
(1338266, 2)
[1]{"num_added":4}
(1079859, 0)
[1]{"num_added":5}
(1406393, 0)
[1]{"num_added":5}
(864300, 0)
[1]{"num_added":6}
(1438393, 1)
[1]{"num_added":5}
(226415, 1)
[0]{"num_added":6}
(597058, 2)
[0]{"num_added":0}
(1100858, 0)
[1]{"num_added":6}
(738506, 0)
[0]{"num_added":3}
(1085707, 0)
[1]{"num_added":3}
(1231064, 0)
[0]{"num_added":0}
(851515, 0)
[1]{"num_added":5}
(383879, 0)
[1]{"num_added":1}
(330315, 2)
[0]{"num_added":1}
(1172533, 1)
[1]{"num_added":2}
(998922, 3)
[0]{"num_added":4}
(274647, 0)
[1]{"num_added":3}
(556652, 0)
[1]{"num_added":4}
(976759, 0)
[1]{"num_added":4}
(962984, 1)
[0]{"num_added":0}
(851645, 0)
[1]{"num_added":4}
(845123, 0)
[0]{"num_added":6}
(1123187, 0)
[1]{"num_added":1}
(340541, 12)
[1]{"num_added":2}
(1128872, 0)
[1]{"num_added":5}
(821669, 0)
[1]{"num_added":6}
(416789, 0)
[1]{"num_added":5}
(1275679, 1)
[1]{"num_added":3}
(1100892, 0)
[1]{"num_added":6}
(234373, 2)
[1]{"num_added":4}
(492881, 0)
[1]{"num_added":2}
(1794159, 0)
[1]{"num_added":4}
(223923, 0)
[1]{"num_added":0}
(393675, 0)
[1]{"num_added":4}
(427666, 1)
[1]{"num_added":2}
(441782, 1)
[1]{"num_added":5}
(744073, 0)
[1]{"num_added":0}
(747427, 0)
[1]{"num_added":4}
(914020, 0)
[1]{"num_added":5}
(755590, 0)
[0]{"num_added":3}
(522778, 3)
[1]{"num_added":5}
(1635145, 0)
[1]{"num_added":9}
(1053508, 1)
[1]{"num_added":6}
(1080044, 1)
[2]{"num_added":3}
(1361661, 1)
[1]{"num_added":6}
(225542, 0)
[1]{"num_added":1}
(1087242, 0)
[0]{"num_added":5}
(1071219, 1)
[1]{"num_added":6}
(1027182, 0)
[1]{"num_added":7}
(752668, 1)
[1]{"num_added":4}
(574, 2)
[0]{"num_added":6}
(1461943, 1)
[0]{"num_added":1}
(866248, 0)
[0]{"num_added":1}
(1121529, 0)
[2]{"num_added":4}
(304411, 0)
[1]{"num_added":3}
(1884814, 0)
[1]{"num_added":3}
(1312546, 0)
[0]{"num_added":3}
(579029, 0)
[1]{"num_added":2}
(1098956, 0)
[2]{"num_added":4}
(1100022, 0)
[1]{"num_added":6}
(1073162, 0)
[1]{"num_added":4}
(1070851, 0)
[1]{"num_added":0}
(1152356, 0)
[1]{"num_added":2}
(653038, 0)
[0]{"num_added":0}
(892686, 2)
[1]{"num_added":4}
(222319, 1)
[1]{"num_added":4}
(234148, 0)
[0]{"num_added":4}
(885605, 0)
[1]{"num_added":5}
(1092649, 0)
[1]{"num_added":3}
(1133324, 0)
[1]{"num_added":4}
(1398632, 1)
[1]{"num_added":1}
(1433436, 1)
[1]{"num_added":1}
(1248037, 0)
[0]{"num_added":3}
(1442917, 1)
[1]{"num_added":8}
(1133007, 0)
[2]{"num_added":3}
(1716288, 0)
[1]{"num_added":0}
(397711, 0)
[0]{"num_added":2}
(713203, 0)
[0]{"num_added":0}
(496164, 0)
[0]{"num_added":0}
(1084966, 0)
[1]{"num_added":6}
(1142220, 1)
[1]{"num_added":0}
(694819, 0)
[0]{"num_added":0}
(268651, 2)
[1]{"num_added":1}
(843879, 0)
[0]{"num_added":2}
(1486733, 1)
[0]{"num_added":1}
(790391, 3)
[1]{"num_added":0}
(528733, 0)
[1]{"num_added":0}
(377913, 0)
[1]{"num_added":4}
(1407529, 1)
[1]{"num_added":1}
(1134531, 0)
[2]{"num_added":4}
(8601, 0)
[0]{"num_added":5}
(1477960, 0)
[2]{"num_added":7}
(1363134, 0)
[1]{"num_added":4}
(389669, 0)
[1]{"num_added":8}
(1004050, 0)
[0]{"num_added":1}
(1090895, 0)
[1]{"num_added":6}
(800370, 1)
[1]{"num_added":4}
(1115592, 1)
[1]{"num_added":3}
(375169, 0)
[0]{"num_added":0}
(1453893, 0)
[0]{"num_added":4}
(1133046, 0)
[1]{"num_added":7}
(289379, 0)
[1]{"num_added":5}
(1124597, 1)
[0]{"num_added":0}
(539637, 0)
[0]{"num_added":7}
(998419, 0)
[1]{"num_added":2}
(542156, 0)
[0]{"num_added":0}
(1050000, 0)
[1]{"num_added":0}
(693724, 0)
[1]{"num_added":5}
(995913, 0)
[1]{"num_added":5}
(334267, 30)
[1]{"num_added":2}
(595984, 1)
[1]{"num_added":0}
(1079749, 0)
[0]{"num_added":3}
(1441723, 1)
[0]{"num_added":1}
(1165597, 0)
[1]{"num_added":1}
(1303897, 2)
[1]{"num_added":3}
(1508741, 2)
[1]{"num_added":1}
(1122398, 0)
[0]{"num_added":5}
(717639, 2)
[1]{"num_added":5}
(1718884, 0)
[1]{"num_added":8}
(1093710, 0)
[1]{"num_added":2}
(1090354, 1)
[1]{"num_added":1}
(1556890, 0)
[1]{"num_added":2}
(1083364, 1)
[1]{"num_added":5}
(1089151, 0)
[0]{"num_added":3}
(1123168, 0)
[2]{"num_added":5}
(1422684, 1)
[2]{"num_added":2}
(1014739, 0)
[1]{"num_added":4}
(825867, 0)
[1]{"num_added":0}
(1754460, 0)
[1]{"num_added":1}
(1805417, 0)
[0]{"num_added":3}
(1508134, 0)
[1]{"num_added":8}
(1133857, 0)
[0]{"num_added":3}
(702981, 0)
[1]{"num_added":2}
(440074, 0)
[1]{"num_added":1}
(710195, 0)
[0]{"num_added":2}
(1115575, 0)
[1]{"num_added":6}
(310008, 0)
[0]{"num_added":2}
(1119302, 2)
[1]{"num_added":5}
(1007326, 1)
[1]{"num_added":0}
(1162228, 0)
[1]{"num_added":4}
(1119291, 0)
[1]{"num_added":3}
(723182, 1)
[0]{"num_added":8}
(892004, 0)
[0]{"num_added":2}
(1412210, 1)
[0]{"num_added":1}
(331637, 21)
[1]{"num_added":6}
(1298, 0)
[2]{"num_added":4}
(1138304, 0)
[0]{"num_added":3}
(1016937, 0)
[1]{"num_added":4}
(844016, 0)
[1]{"num_added":5}
(1002432, 0)
[1]{"num_added":0}
(1304404, 0)
[2]{"num_added":4}
(688873, 0)
[1]{"num_added":0}
(1114748, 0)
[1]{"num_added":3}
(1156168, 0)
[1]{"num_added":1}
(1404713, 2)
[1]{"num_added":0}
(315294, 1)
[1]{"num_added":3}
(1104858, 1)
[0]{"num_added":7}
(1055812, 0)
[1]{"num_added":0}
(682942, 0)
[1]{"num_added":0}
(834691, 0)
[1]{"num_added":0}
(1778574, 0)
[1]{"num_added":4}
(1344371, 0)
[1]{"num_added":2}
(1079259, 2)
[1]{"num_added":2}
(1080142, 0)
[1]{"num_added":5}
(1114439, 0)
[2]{"num_added":4}
(87, 0)
[2]{"num_added":9}
(245642, 0)
[0]{"num_added":5}
(802025, 1)
[1]{"num_added":6}
(962237, 0)
[1]{"num_added":7}
(256980, 0)
[1]{"num_added":4}
(737244, 0)
[1]{"num_added":4}
(1104435, 0)
[0]{"num_added":5}
(1468896, 0)
[1]{"num_added":5}
(1591492, 0)
[1]{"num_added":1}
(998624, 1)
[2]{"num_added":4}
(241407, 1)
[1]{"num_added":0}
(1248051, 1)
[1]{"num_added":2}
(1128485, 0)
[1]{"num_added":5}
(1764195, 0)
[0]{"num_added":6}
(784492, 1)
[2]{"num_added":3}
(959641, 0)
[0]{"num_added":0}
(863156, 1)
[1]{"num_added":1}
(1252822, 0)
[1]{"num_added":3}
(827862, 0)
[0]{"num_added":0}
(1422128, 1)
[0]{"num_added":1}
(1089778, 1)
[1]{"num_added":2}
(1241061, 1)
[0]{"num_added":3}
(1525076, 2)
[1]{"num_added":1}
(1443515, 0)
[1]{"num_added":18}
(363881, 1)
[1]{"num_added":0}
(225343, 0)
[1]{"num_added":3}
(771198, 2)
[1]{"num_added":1}
(1133872, 0)
[1]{"num_added":6}
(304103, 0)
[1]{"num_added":1}
(239865, 3)
[1]{"num_added":0}
(709279, 0)
[1]{"num_added":6}
(818910, 1)
[1]{"num_added":7}
(1442566, 0)
[1]{"num_added":7}
(432888, 0)
[1]{"num_added":2}
(341568, 0)
[0]{"num_added":2}
(865691, 0)
[1]{"num_added":4}
(1036655, 0)
[1]{"num_added":1}
(593276, 0)
[1]{"num_added":0}
(2238, 0)
[1]{"num_added":0}
(1433525, 1)
[1]{"num_added":3}
(445050, 0)
[1]{"num_added":3}
(1081533, 0)
[1]{"num_added":5}
(1757786, 0)
[2]{"num_added":0}
(994437, 1)
[1]{"num_added":0}
(432316, 0)
[2]{"num_added":4}
(753990, 0)
[1]{"num_added":0}
(1079435, 0)
[0]{"num_added":3}
(842, 1)
[1]{"num_added":6}
(1367675, 1)
[1]{"num_added":1}
(862341, 1)
[0]{"num_added":2}
(1076102, 1)
[2]{"num_added":6}
(530496, 0)
[0]{"num_added":3}
(1641383, 1)
[0]{"num_added":0}
(1312778, 1)
[2]{"num_added":3}
(1476151, 2)
[0]{"num_added":0}
(1383596, 0)
[1]{"num_added":5}
(984393, 0)
[1]{"num_added":2}
(1120501, 0)
[2]{"num_added":6}
(723833, 0)
[0]{"num_added":6}
(1819013, 0)
[1]{"num_added":6}
(334338, 29)
[1]{"num_added":2}
(1184481, 0)
[1]{"num_added":3}
(742085, 0)
[1]{"num_added":4}
(1183818, 0)
[1]{"num_added":3}
(1929224, 0)
[1]{"num_added":0}
(269105, 0)
[2]{"num_added":7}
(1119399, 0)
[0]{"num_added":4}
(1071282, 1)
[1]{"num_added":2}
(1011459, 0)
[0]{"num_added":5}
(1089211, 0)
[1]{"num_added":5}
(1121546, 0)
[1]{"num_added":5}
(959336, 0)
[0]{"num_added":0}
(790419, 0)
[1]{"num_added":0}
(703022, 1)
[1]{"num_added":1}
(1009360, 0)
[1]{"num_added":3}
(492196, 1)
[1]{"num_added":2}
(1364008, 1)
[1]{"num_added":4}
(1013016, 0)
[1]{"num_added":4}
(2053224, 0)
[0]{"num_added":3}
(905229, 0)
[0]{"num_added":2}
(1018987, 1)
[1]{"num_added":6}
(8375, 0)
[1]{"num_added":5}
(1529077, 0)
[1]{"num_added":1}
(1558998, 0)
[1]{"num_added":5}
(1001391, 2)
[0]{"num_added":1}
(219486, 2)
[1]{"num_added":2}
(1118353, 1)
[1]{"num_added":2}
(861597, 0)
[1]{"num_added":5}
(1373624, 0)
[0]{"num_added":0}
(1098916, 0)
[1]{"num_added":1}
(274059, 1)
[1]{"num_added":3}
(311325, 0)
[1]{"num_added":2}
(564818, 1)
[1]{"num_added":2}
(1425167, 2)
[1]{"num_added":1}
(1393185, 0)
[0]{"num_added":1}
(1410, 0)
[2]{"num_added":4}
(824707, 0)
[1]{"num_added":3}
(986837, 0)
[1]{"num_added":0}
(249303, 12)
[1]{"num_added":0}
(256826, 0)
[1]{"num_added":6}
(1049193, 0)
[1]{"num_added":2}
(1219292, 0)
[1]{"num_added":3}
(1419152, 0)
[1]{"num_added":1}
(1437688, 0)
[1]{"num_added":4}
(522242, 0)
[1]{"num_added":5}
(714944, 1)
[1]{"num_added":1}
(1248581, 1)
[1]{"num_added":7}
(482976, 0)
[1]{"num_added":4}
(1160245, 0)
[1]{"num_added":4}
(1048935, 0)
[1]{"num_added":5}
(1332228, 0)
[1]{"num_added":4}
(1645197, 1)
[1]{"num_added":1}
(626472, 2)
[0]{"num_added":0}
(1395030, 1)
[1]{"num_added":3}
(1405256, 1)
[0]{"num_added":1}
(1268143, 0)
[2]{"num_added":3}
(70, 1)
[2]{"num_added":1}
(1580393, 0)
[2]{"num_added":4}
(1410772, 2)
[1]{"num_added":2}
(1085918, 1)
[1]{"num_added":4}
(1412639, 0)
[1]{"num_added":6}
(1083652, 1)
[0]{"num_added":6}
(1762238, 0)
[1]{"num_added":2}
(1570881, 0)
[1]{"num_added":5}
(1114138, 0)
[0]{"num_added":3}
(633681, 0)
[1]{"num_added":3}
(569667, 0)
[0]{"num_added":1}
(555044, 0)
[1]{"num_added":7}
(1407625, 2)
[1]{"num_added":1}
(1531617, 5)
[1]{"num_added":1}
(1101042, 0)
[0]{"num_added":5}
(1802855, 2)
[0]{"num_added":1}
(986368, 0)
[0]{"num_added":0}
(661527, 0)
[1]{"num_added":3}
(1498509, 0)
[2]{"num_added":1}
(428156, 0)
[1]{"num_added":6}
(1014246, 3)
[1]{"num_added":2}
(1001879, 1)
[0]{"num_added":0}
(1474798, 0)
[1]{"num_added":6}
(1079706, 0)
[1]{"num_added":7}
(357441, 0)
[0]{"num_added":8}
(1799839, 0)
[1]{"num_added":3}
(532403, 0)
[1]{"num_added":1}
(1136004, 0)
[1]{"num_added":3}
(1391675, 0)
[1]{"num_added":4}
(688182, 0)
[1]{"num_added":2}
(1410921, 1)
[1]{"num_added":0}
(1507140, 0)
[1]{"num_added":6}
(1720997, 0)
[0]{"num_added":0}
(1520008, 0)
[1]{"num_added":4}
(640624, 2)
[1]{"num_added":12}
(844938, 1)
[1]{"num_added":7}
(1265, 0)
[1]{"num_added":3}
(553452, 1)
[1]{"num_added":0}
(1539740, 1)
[0]{"num_added":5}
(410839, 0)
[1]{"num_added":0}
(1555182, 1)
[1]{"num_added":2}
(430270, 0)
[0]{"num_added":0}
(989463, 0)
[1]{"num_added":0}
(1348894, 1)
[0]{"num_added":4}
(1411373, 1)
[1]{"num_added":2}
(1539676, 0)
[1]{"num_added":4}
(1541171, 0)
[1]{"num_added":2}
(883784, 0)
[0]{"num_added":6}
(1564301, 2)
[1]{"num_added":0}
(1278169, 0)
[0]{"num_added":4}
(1293069, 3)
[1]{"num_added":1}
(641535, 0)
[0]{"num_added":1}
(1487939, 1)
[1]{"num_added":8}
(1434238, 0)
[1]{"num_added":0}
(1073575, 3)
[1]{"num_added":1}
(983444, 1)
[1]{"num_added":6}
(733256, 0)
[1]{"num_added":4}
(1399369, 0)
[1]{"num_added":2}
(503996, 0)
[0]{"num_added":5}
(1029730, 0)
[1]{"num_added":6}
(673619, 1)
[1]{"num_added":2}
(1051412, 0)
[1]{"num_added":2}
(1823303, 0)
[0]{"num_added":0}
(712254, 1)
[2]{"num_added":3}
(1048653, 0)
[1]{"num_added":7}
(1221472, 1)
[1]{"num_added":6}
(726750, 0)
[1]{"num_added":3}
(428152, 0)
[1]{"num_added":3}
(761491, 1)
[0]{"num_added":5}
(1200229, 1)
[1]{"num_added":9}
(1111031, 0)
[1]{"num_added":4}
(714130, 0)
[1]{"num_added":0}
(2569, 0)
[1]{"num_added":7}
(584745, 3)
[1]{"num_added":5}
(503414, 0)
[1]{"num_added":4}
(761233, 1)
[1]{"num_added":2}
(1110055, 0)
[1]{"num_added":1}
(9067, 0)
[1]{"num_added":3}
(1131206, 0)
[2]{"num_added":5}
(907923, 0)
[1]{"num_added":2}
(1098491, 0)
[1]{"num_added":5}
(2158, 0)
[2]{"num_added":7}
(1046326, 0)
[1]{"num_added":0}
(638795, 1)
[1]{"num_added":2}
(1502210, 0)
[1]{"num_added":3}
(429100, 0)
[1]{"num_added":2}
(299696, 0)
[1]{"num_added":4}
(542000, 1)
[1]{"num_added":3}
(1400169, 0)
[1]{"num_added":4}
(1721873, 0)
[1]{"num_added":9}
(805904, 1)
[0]{"num_added":6}
(1170968, 1)
[1]{"num_added":2}
(551537, 2)
[0]{"num_added":0}
(715526, 0)
[1]{"num_added":3}
(735521, 0)
[0]{"num_added":2}
(884008, 1)
[1]{"num_added":3}
(1390837, 0)
[1]{"num_added":2}
(899658, 0)
[1]{"num_added":5}
(406597, 2)
[1]{"num_added":4}
(1502300, 0)
[2]{"num_added":1}
(311477, 1)
[1]{"num_added":1}
(561787, 0)
[0]{"num_added":2}
(1004232, 0)
[1]{"num_added":5}
(847984, 0)
[0]{"num_added":5}
(1108729, 0)
[0]{"num_added":3}
(541787, 0)
[1]{"num_added":3}
(566864, 0)
[1]{"num_added":3}
(995478, 0)
[1]{"num_added":5}
(1182747, 0)
[1]{"num_added":0}
(1093072, 1)
[1]{"num_added":3}
(1465854, 0)
[2]{"num_added":4}
(518142, 0)
[0]{"num_added":0}
(442350, 2)
[1]{"num_added":7}
(1133496, 0)
[1]{"num_added":4}
(678679, 2)
[1]{"num_added":6}
(624802, 1)
[1]{"num_added":0}
(1443506, 0)
[1]{"num_added":5}
(1521267, 1)
[1]{"num_added":2}
(1321399, 1)
[1]{"num_added":4}
(824643, 0)
[0]{"num_added":0}
(523180, 1)
[1]{"num_added":4}
(402751, 2)
[0]{"num_added":3}
(974345, 0)
[1]{"num_added":3}
(1093030, 0)
[2]{"num_added":6}
(1451649, 1)
[1]{"num_added":1}
(1004767, 0)
[1]{"num_added":3}
(663334, 0)
[1]{"num_added":5}
(1193051, 0)
[1]{"num_added":11}
(513577, 0)
[1]{"num_added":2}
(1240123, 0)
[1]{"num_added":5}
(1116640, 0)
[2]{"num_added":2}
(1821049, 0)
[0]{"num_added":5}
(923432, 0)
[1]{"num_added":1}
(1261519, 0)
[1]{"num_added":2}
(470764, 0)
[1]{"num_added":0}
(1804949, 0)
[1]{"num_added":7}
(2052712, 0)
[0]{"num_added":4}
(296422, 3)
[1]{"num_added":7}
(899634, 1)
[1]{"num_added":1}
(799874, 0)
[1]{"num_added":5}
(791444, 1)
[1]{"num_added":2}
(1539512, 3)
[0]{"num_added":1}
(257290, 1)
[1]{"num_added":4}
(631219, 0)
[1]{"num_added":1}
(1135774, 0)
[1]{"num_added":3}
(1000953, 1)
[2]{"num_added":2}
(1420968, 2)
[0]{"num_added":1}
(1136244, 0)
[1]{"num_added":5}
(1245443, 0)
[1]{"num_added":6}
(629570, 0)
[0]{"num_added":1}
(1365644, 0)
[1]{"num_added":2}
(306057, 3)
[1]{"num_added":5}
(1599537, 2)
[1]{"num_added":3}
(750413, 0)
[1]{"num_added":4}
(1447001, 0)
[1]{"num_added":3}
(1722948, 3)
[1]{"num_added":3}
(1116818, 0)
[0]{"num_added":3}
(1077412, 0)
[2]{"num_added":5}
(1219179, 0)
[1]{"num_added":3}
(1393478, 0)
[0]{"num_added":4}
(1014652, 0)
[1]{"num_added":5}
(1141164, 0)
[1]{"num_added":5}
(1799047, 0)
[0]{"num_added":5}
(1014682, 0)
[1]{"num_added":0}
(1132392, 2)
[1]{"num_added":0}
(969955, 1)
[1]{"num_added":0}
(1404913, 1)
[0]{"num_added":1}
(380717, 0)
[1]{"num_added":2}
(573535, 2)
[1]{"num_added":3}
(223798, 0)
[1]{"num_added":3}
(1094450, 0)
[1]{"num_added":1}
(842412, 0)
[0]{"num_added":6}
(1156515, 1)
[1]{"num_added":5}
(1477382, 0)
[1]{"num_added":6}
(1393642, 0)
[2]{"num_added":7}
(706113, 0)
[1]{"num_added":5}
(785957, 1)
[1]{"num_added":2}
(558476, 2)
[1]{"num_added":2}
(561554, 3)
[1]{"num_added":4}
(1364829, 1)
[1]{"num_added":6}
(610002, 1)
[1]{"num_added":5}
(1442920, 1)
[1]{"num_added":2}
(677482, 0)
[0]{"num_added":2}
(1405059, 0)
[1]{"num_added":0}
(245208, 1)
[1]{"num_added":4}
(2293, 2)
[2]{"num_added":0}
(587904, 1)
[1]{"num_added":0}
(544523, 2)
[0]{"num_added":4}
(243996, 0)
[1]{"num_added":0}
(1048092, 0)
[1]{"num_added":1}
(1476156, 3)
[0]{"num_added":1}
(739129, 1)
[0]{"num_added":4}
(1317297, 0)
[1]{"num_added":2}
(447214, 0)
[1]{"num_added":2}
(1821373, 0)
[1]{"num_added":5}
(1853876, 0)
[0]{"num_added":3}
(249876, 0)
[1]{"num_added":8}
(719544, 0)
[0]{"num_added":3}
(524948, 1)
[1]{"num_added":2}
(665133, 1)
[0]{"num_added":0}
(522674, 0)
[0]{"num_added":0}
(391481, 2)
[1]{"num_added":4}
(433726, 3)
[0]{"num_added":3}
(1605235, 0)
[1]{"num_added":0}
(463748, 0)
[1]{"num_added":5}
(1088080, 0)
[1]{"num_added":4}
(1516842, 2)
[1]{"num_added":1}
(1795560, 0)
[1]{"num_added":5}
(298165, 4)
[1]{"num_added":0}
(1432997, 0)
[0]{"num_added":1}
(1471500, 0)
[0]{"num_added":7}
(674596, 1)
[1]{"num_added":1}
(438466, 4)
[1]{"num_added":2}
(221411, 2)
[1]{"num_added":3}
(616759, 0)
[1]{"num_added":5}
(1201063, 0)
[1]{"num_added":2}
(1073486, 0)
[0]{"num_added":1}
(655840, 0)
[1]{"num_added":2}
(1155401, 1)
[1]{"num_added":3}
(235047, 0)
[1]{"num_added":5}
(1831590, 0)
[1]{"num_added":3}
(559233, 2)
[1]{"num_added":4}
(1444953, 0)
[0]{"num_added":2}
(974105, 1)
[0]{"num_added":0}
(824562, 0)
[1]{"num_added":2}
(980697, 0)
[1]{"num_added":3}
(357901, 0)
[1]{"num_added":4}
(1594841, 14)
[0]{"num_added":0}
(1149276, 0)
[0]{"num_added":5}
(1465816, 0)
[0]{"num_added":0}
(1433062, 0)
[1]{"num_added":0}
(1555411, 0)
[1]{"num_added":3}
(1357706, 1)
[1]{"num_added":5}
(1231216, 0)
[1]{"num_added":3}
(1260736, 0)
[1]{"num_added":8}
(1019753, 0)
[1]{"num_added":7}
(767558, 0)
[1]{"num_added":6}
(415321, 0)
[0]{"num_added":2}
(1014897, 0)
[0]{"num_added":5}
(689015, 0)
[0]{"num_added":0}
(1299747, 0)
[1]{"num_added":2}
(1535943, 2)
[0]{"num_added":1}
(1043221, 1)
[1]{"num_added":3}
(1087083, 0)
[1]{"num_added":3}
(1582008, 0)
[1]{"num_added":3}
(1195699, 0)
[1]{"num_added":4}
(1210758, 0)
[1]{"num_added":3}
(556611, 0)
[1]{"num_added":2}
(1127984, 1)
[1]{"num_added":8}
(259274, 1)
[1]{"num_added":4}
(1268030, 0)
[1]{"num_added":0}
(821196, 1)
[1]{"num_added":4}
(1408639, 0)
[0]{"num_added":1}
(224636, 1)
[1]{"num_added":0}
(501400, 0)
[1]{"num_added":0}
(497075, 0)
[1]{"num_added":4}
(714927, 1)
[1]{"num_added":7}
(883149, 1)
[1]{"num_added":2}
(1565049, 1)
[1]{"num_added":2}
(1798964, 0)
[1]{"num_added":2}
(783414, 2)
[0]{"num_added":3}
(427068, 1)
[1]{"num_added":3}
(1192142, 1)
[1]{"num_added":2}
(701233, 0)
[1]{"num_added":6}
(829410, 2)
[1]{"num_added":6}
(527817, 1)
[1]{"num_added":5}
(486540, 0)
[1]{"num_added":4}
(1510145, 2)
[0]{"num_added":0}
(300792, 0)
[1]{"num_added":3}
(985833, 0)
[1]{"num_added":5}
(534653, 0)
[1]{"num_added":3}
(357891, 0)
[1]{"num_added":2}
(464282, 1)
[1]{"num_added":3}
(867649, 1)
[1]{"num_added":9}
(368487, 0)
[1]{"num_added":0}
(828092, 1)
[1]{"num_added":2}
(740227, 0)
[1]{"num_added":7}
(337326, 0)
[1]{"num_added":3}
(1563574, 1)
[1]{"num_added":5}
(664695, 0)
[0]{"num_added":4}
(1129260, 1)
[1]{"num_added":4}
(1464881, 0)
[0]{"num_added":16}
(1001859, 1)
[1]{"num_added":0}
(260426, 1)
[1]{"num_added":1}
(1082260, 0)
[1]{"num_added":4}
(1094337, 1)
[2]{"num_added":5}
(440546, 2)
[0]{"num_added":0}
(445532, 1)
[1]{"num_added":1}
(639798, 2)
[1]{"num_added":2}
(1484099, 0)
[0]{"num_added":6}
(1468807, 0)
[0]{"num_added":1}
(564793, 3)
[1]{"num_added":2}
(327494, 11)
[1]{"num_added":3}
(309123, 0)
[1]{"num_added":10}
(899611, 1)
[1]{"num_added":0}
(233770, 1)
[1]{"num_added":5}
(534265, 1)
[0]{"num_added":5}
(791378, 2)
[1]{"num_added":4}
(956917, 0)
[0]{"num_added":2}
(1097589, 1)
[1]{"num_added":2}
(446268, 0)
[1]{"num_added":3}
(393197, 0)
[0]{"num_added":2}
(429746, 0)
[1]{"num_added":7}
(1160129, 2)
[1]{"num_added":3}
(1294360, 0)
[1]{"num_added":8}
(1298698, 2)
[1]{"num_added":1}
(585348, 0)
[1]{"num_added":3}
(1722962, 1)
[2]{"num_added":9}
(793742, 0)
[1]{"num_added":3}
(1307485, 0)
[2]{"num_added":0}
(771218, 0)
[1]{"num_added":4}
(743402, 5)
[1]{"num_added":3}
(958560, 0)
[1]{"num_added":0}
(1266181, 0)
[0]{"num_added":4}
(771636, 1)
[1]{"num_added":3}
(828072, 0)
[1]{"num_added":2}
(717843, 0)
[0]{"num_added":4}
(356205, 0)
[1]{"num_added":0}
(792632, 0)
[1]{"num_added":5}
(1776124, 0)
[1]{"num_added":2}
(654448, 0)
[1]{"num_added":3}
(1264509, 0)
[1]{"num_added":5}
(1261675, 1)
[1]{"num_added":9}
(1051273, 1)
[1]{"num_added":1}
(289817, 0)
[1]{"num_added":1}
(1528658, 0)
[1]{"num_added":0}
(1457442, 1)
[0]{"num_added":2}
(1111396, 0)
[0]{"num_added":4}
(788333, 0)
[1]{"num_added":1}
(1435385, 0)
[1]{"num_added":5}
(275009, 0)
[0]{"num_added":3}
(1237752, 0)
[0]{"num_added":4}
(1239041, 0)
[1]{"num_added":5}
(1457961, 0)
[1]{"num_added":4}
(1176527, 0)
[0]{"num_added":1}
(1986615, 0)
[1]{"num_added":5}
(1143073, 7)
[0]{"num_added":1}
(320068, 6)
[1]{"num_added":0}
(1825274, 0)
[1]{"num_added":5}
(237701, 4)
[1]{"num_added":4}
(835370, 6)
[1]{"num_added":1}
(638947, 1)
[0]{"num_added":4}
(1653439, 0)
[1]{"num_added":10}
(612989, 0)
[1]{"num_added":5}
(691638, 0)
[1]{"num_added":10}
(804414, 0)
[0]{"num_added":6}
(1514317, 2)
[0]{"num_added":0}
(1570180, 0)
[1]{"num_added":4}
(843437, 0)
[1]{"num_added":5}
(854273, 0)
[1]{"num_added":8}
(300450, 0)
[1]{"num_added":0}
(256326, 0)
[1]{"num_added":3}
(1244122, 0)
[1]{"num_added":0}
(926707, 0)
[1]{"num_added":6}
(803092, 0)
[1]{"num_added":7}
(756001, 0)
[1]{"num_added":0}
(1803932, 0)
[1]{"num_added":6}
(271076, 0)
[1]{"num_added":3}
(569950, 0)
[0]{"num_added":2}
(582330, 0)
[1]{"num_added":1}
(1328542, 0)
[1]{"num_added":1}
(599974, 0)
[1]{"num_added":3}
(593099, 2)
[1]{"num_added":4}
(1462016, 1)
[1]{"num_added":2}
(317862, 2)
[1]{"num_added":3}
(1319456, 0)
[2]{"num_added":3}
(248714, 2)
[1]{"num_added":6}
(429960, 0)
[0]{"num_added":7}
(278176, 4)
[0]{"num_added":3}
(520957, 0)
[1]{"num_added":2}
(1506551, 0)
[1]{"num_added":1}
(1180578, 0)
[1]{"num_added":4}
(1008252, 1)
[0]{"num_added":1}
(582321, 0)
[0]{"num_added":0}
(712474, 0)
[0]{"num_added":0}
(673057, 1)
[0]{"num_added":2}
(342531, 0)
[0]{"num_added":1}
(423293, 2)
[1]{"num_added":4}
(1564213, 0)
[1]{"num_added":1}
(1022143, 1)
[0]{"num_added":5}
(1300446, 1)
[1]{"num_added":0}
(1450962, 1)
[1]{"num_added":0}
(296763, 0)
[1]{"num_added":3}
(533134, 2)
[1]{"num_added":2}
(443260, 1)
[1]{"num_added":5}
(618329, 0)
[2]{"num_added":3}
(544775, 0)
[1]{"num_added":1}
(580556, 0)
[0]{"num_added":0}
(1570907, 0)
[1]{"num_added":4}
(301178, 0)
[1]{"num_added":4}
(481592, 0)
[2]{"num_added":6}
(1819007, 0)
[1]{"num_added":8}
(1219370, 0)
[1]{"num_added":3}
(997975, 0)
[1]{"num_added":0}
(662027, 1)
[1]{"num_added":7}
(1372783, 0)
[1]{"num_added":4}
(1525160, 3)
[1]{"num_added":2}
(1656615, 0)
[0]{"num_added":2}
(1086320, 2)
[1]{"num_added":4}
(234160, 4)
[1]{"num_added":1}
(650389, 2)
[0]{"num_added":0}
(964255, 1)
[0]{"num_added":2}
(917449, 1)
[1]{"num_added":1}
(605080, 0)
[1]{"num_added":3}
(457516, 0)
[1]{"num_added":3}
(1295944, 1)
[0]{"num_added":5}
(1110900, 0)
[0]{"num_added":1}
(411165, 0)
[1]{"num_added":0}
(1225134, 0)
[0]{"num_added":2}
(1275338, 0)
[1]{"num_added":4}
(509861, 3)
[1]{"num_added":4}
(1176491, 1)
[1]{"num_added":3}
(640424, 0)
[1]{"num_added":4}
(562686, 0)
[2]{"num_added":2}
(660746, 0)
[1]{"num_added":6}
(701549, 0)
[0]{"num_added":7}
(1001900, 0)
[1]{"num_added":0}
(1613489, 0)
[0]{"num_added":0}
(901662, 0)
[1]{"num_added":5}
(318212, 1)
[1]{"num_added":2}
(1470124, 0)
[1]{"num_added":0}
(339164, 0)
[1]{"num_added":9}
(994463, 0)
[1]{"num_added":0}
(1505574, 3)
[0]{"num_added":0}
(1433909, 0)
[1]{"num_added":0}
(1334068, 1)
[1]{"num_added":0}
(342714, 7)
[1]{"num_added":4}
(1210808, 0)
[1]{"num_added":6}
(1294913, 3)
[1]{"num_added":1}
(805638, 0)
[1]{"num_added":0}
(1037241, 0)
[1]{"num_added":0}
(1204304, 1)
[1]{"num_added":2}
(1100949, 0)
[2]{"num_added":6}
(865746, 0)
[1]{"num_added":1}
(981362, 0)
[0]{"num_added":1}
(545229, 0)
[1]{"num_added":0}
(1129408, 0)
[1]{"num_added":2}
(468184, 1)
[1]{"num_added":0}
(492760, 0)
[1]{"num_added":1}
(1253154, 0)
[1]{"num_added":5}
(1057524, 2)
[1]{"num_added":4}
(743044, 2)
[1]{"num_added":2}
(742100, 0)
[1]{"num_added":1}
(1038244, 2)
[1]{"num_added":4}
(728438, 0)
[2]{"num_added":3}
(1382500, 0)
[1]{"num_added":0}
(997426, 0)
[1]{"num_added":3}
(962052, 0)
[2]{"num_added":2}
(299513, 26)
[0]{"num_added":0}
(1564404, 0)
[2]{"num_added":8}
(1302892, 0)
[1]{"num_added":0}
(1133528, 0)
[1]{"num_added":4}
(347168, 1)
[1]{"num_added":2}
(1021284, 2)
[1]{"num_added":4}
(652419, 1)
[0]{"num_added":1}
(714918, 0)
[1]{"num_added":5}
(229042, 2)
[1]{"num_added":3}
(1231126, 0)
[1]{"num_added":1}
(892011, 0)
[1]{"num_added":1}
(863441, 1)
[1]{"num_added":4}
(1055171, 2)
[0]{"num_added":6}
(1704178, 0)
[0]{"num_added":0}
(1265120, 9)
[1]{"num_added":5}
(851534, 1)
[1]{"num_added":2}
(544130, 1)
[1]{"num_added":3}
(430016, 1)
[0]{"num_added":2}
(578624, 0)
[0]{"num_added":3}
(709108, 0)
[1]{"num_added":2}
(427924, 0)
[0]{"num_added":3}
(926294, 3)
[1]{"num_added":6}
(1052422, 3)
[1]{"num_added":0}
(844556, 0)
[0]{"num_added":2}
(699141, 0)
[1]{"num_added":0}
(1471761, 0)
[1]{"num_added":3}
(840800, 0)
[1]{"num_added":0}
(1015378, 0)
[1]{"num_added":1}
(621809, 0)
[1]{"num_added":0}
(377747, 0)
[1]{"num_added":0}
(959804, 0)
[1]{"num_added":5}
(278268, 1)
[1]{"num_added":3}
(560296, 0)
[1]{"num_added":0}
(434682, 0)
[0]{"num_added":0}
(620919, 1)
[1]{"num_added":8}
(501100, 0)
[1]{"num_added":1}
(1024775, 1)
[1]{"num_added":7}
(224657, 0)
[1]{"num_added":5}
(538082, 0)
[1]{"num_added":6}
(930147, 0)
[1]{"num_added":4}
(325463, 0)
[0]{"num_added":8}
(290334, 0)
[1]{"num_added":1}
(563829, 2)
[1]{"num_added":2}
(1592883, 0)
[0]{"num_added":8}
(1012505, 0)
[0]{"num_added":0}
(573052, 0)
[1]{"num_added":3}
(455562, 1)
[0]{"num_added":6}
(1579978, 0)
[1]{"num_added":7}
(1306261, 1)
[1]{"num_added":0}
(1035311, 1)
[1]{"num_added":2}
(268543, 0)
[0]{"num_added":4}
(714900, 0)
[1]{"num_added":0}
(648349, 0)
[0]{"num_added":1}
(763428, 0)
[1]{"num_added":4}
(1512796, 1)
[1]{"num_added":3}
(526527, 0)
[2]{"num_added":6}
(1104450, 1)
[1]{"num_added":8}
(1515195, 2)
[1]{"num_added":1}
(532353, 0)
[1]{"num_added":8}
(682875, 3)
[0]{"num_added":0}
(1030496, 0)
[1]{"num_added":10}
(781977, 0)
[1]{"num_added":3}
(465038, 0)
[1]{"num_added":5}
(366589, 0)
[1]{"num_added":2}
(761469, 2)
[0]{"num_added":0}
(939453, 2)
[0]{"num_added":2}
(222136, 3)
[1]{"num_added":4}
(717481, 0)
[1]{"num_added":6}
(450366, 0)
[0]{"num_added":4}
(1061767, 0)
[1]{"num_added":6}
(694055, 0)
[1]{"num_added":2}
(1036483, 1)
[0]{"num_added":5}
(801264, 0)
[0]{"num_added":1}
(606029, 0)
[1]{"num_added":5}
(469572, 0)
[0]{"num_added":1}
(1824149, 0)
[1]{"num_added":1}
(639275, 0)
[0]{"num_added":0}
(262329, 2)
[0]{"num_added":1}
(462630, 0)
[1]{"num_added":2}
(399799, 0)
[0]{"num_added":6}
(1322337, 0)
[1]{"num_added":4}
(1779910, 2)
[2]{"num_added":8}
(219588, 0)
[1]{"num_added":2}
(834209, 1)
[1]{"num_added":3}
(303266, 14)
[1]{"num_added":6}
(834268, 2)
[1]{"num_added":6}
(1019109, 0)
[2]{"num_added":3}
(766846, 0)
[1]{"num_added":5}
(239063, 0)
[1]{"num_added":2}
(922473, 0)
[1]{"num_added":2}
(250399, 0)
[0]{"num_added":0}
(475180, 0)
[1]{"num_added":3}
(369265, 0)
[1]{"num_added":1}
(244670, 1)
[1]{"num_added":1}
(633993, 1)
[1]{"num_added":4}
(1529012, 0)
[1]{"num_added":3}
(994310, 0)
[1]{"num_added":2}
(1459768, 2)
[0]{"num_added":1}
(362133, 2)
[1]{"num_added":6}
(788420, 0)
[1]{"num_added":0}
(1153674, 1)
[1]{"num_added":3}
(412107, 0)
[1]{"num_added":5}
(652711, 0)
[1]{"num_added":7}
(767986, 0)
[1]{"num_added":0}
(1019415, 0)
[1]{"num_added":1}
(1300630, 0)
[1]{"num_added":1}
(1406327, 0)
[0]{"num_added":5}
(458942, 1)
[0]{"num_added":1}
(276279, 0)
[0]{"num_added":1}
(352875, 1)
[1]{"num_added":1}
(837212, 0)
[1]{"num_added":2}
(625871, 1)
[0]{"num_added":4}
(227616, 0)
[1]{"num_added":4}
(332964, 23)
[0]{"num_added":2}
(561628, 1)
[1]{"num_added":6}
(771133, 1)
[1]{"num_added":1}
(248135, 0)
[1]{"num_added":1}
(292267, 0)
[2]{"num_added":0}
(661240, 1)
[1]{"num_added":4}
(1436721, 0)
[1]{"num_added":5}
(1073140, 1)
[0]{"num_added":0}
(315071, 2)
[1]{"num_added":2}
(537117, 0)
[1]{"num_added":2}
(1186736, 0)
[1]{"num_added":5}
(1255608, 0)
[0]{"num_added":1}
(967706, 1)
[0]{"num_added":0}
(1546071, 0)
[1]{"num_added":1}
(333967, 1)
[2]{"num_added":6}
(1429224, 3)
[0]{"num_added":1}
(240079, 1)
[1]{"num_added":6}
(731119, 1)
[1]{"num_added":0}
(665752, 1)
[1]{"num_added":2}
(472552, 0)
[1]{"num_added":2}
(984598, 0)
[1]{"num_added":3}
(1574809, 2)
[1]{"num_added":0}
(566961, 1)
[1]{"num_added":6}
(727421, 0)
[1]{"num_added":2}
(237665, 0)
[2]{"num_added":3}
(1445989, 0)
[0]{"num_added":6}
(1291732, 0)
[1]{"num_added":3}
(1832931, 0)
[1]{"num_added":4}
(311410, 1)
[1]{"num_added":6}
(279694, 0)
[1]{"num_added":6}
(1439859, 0)
[1]{"num_added":6}
(248281, 0)
[1]{"num_added":4}
(1118411, 0)
[1]{"num_added":3}
(500805, 0)
[0]{"num_added":2}
(742933, 0)
[1]{"num_added":4}
(806909, 2)
[1]{"num_added":1}
(707307, 0)
[1]{"num_added":0}
(279663, 0)
[1]{"num_added":2}
(716002, 2)
[1]{"num_added":1}
(1047567, 1)
[1]{"num_added":1}
(926716, 4)
[1]{"num_added":4}
(625222, 0)
[0]{"num_added":1}
(1821690, 0)
[1]{"num_added":6}
(883351, 0)
[1]{"num_added":2}
(1084050, 0)
[1]{"num_added":3}
(1210801, 0)
[1]{"num_added":8}
(1472299, 2)
[0]{"num_added":2}
(1071685, 0)
[1]{"num_added":4}
(526658, 0)
[1]{"num_added":0}
(1093703, 1)
[0]{"num_added":1}
(660508, 1)
[1]{"num_added":0}
(1098784, 0)
[1]{"num_added":3}
(667942, 0)
[1]{"num_added":0}
(1834890, 0)
[1]{"num_added":2}
(723360, 1)
[1]{"num_added":6}
(240385, 2)
[1]{"num_added":5}
(1070331, 2)
[1]{"num_added":4}
(668987, 1)
[1]{"num_added":8}
(1512876, 2)
[0]{"num_added":1}
(1534265, 3)
[0]{"num_added":1}
(728898, 1)
[1]{"num_added":3}
(1122470, 2)
[1]{"num_added":6}
(1474840, 1)
[1]{"num_added":1}
(487998, 0)
[1]{"num_added":0}
(698558, 0)
[0]{"num_added":1}
(610737, 0)
[1]{"num_added":0}
(1608761, 0)
[1]{"num_added":3}
(1441232, 0)
[0]{"num_added":8}
(962964, 0)
[1]{"num_added":3}
(232774, 0)
[0]{"num_added":0}
(1404630, 0)
[1]{"num_added":1}
(1507101, 0)
[1]{"num_added":8}
(1440461, 2)
[0]{"num_added":1}
(651939, 1)
[1]{"num_added":2}
(875728, 0)
[1]{"num_added":4}
(816329, 0)
[0]{"num_added":5}
(1420588, 0)
[1]{"num_added":3}
(420381, 0)
[0]{"num_added":1}
(1989052, 0)
[1]{"num_added":0}
(242486, 0)
[0]{"num_added":2}
(253149, 0)
[1]{"num_added":2}
(817813, 1)
[1]{"num_added":2}
(527996, 0)
[1]{"num_added":1}
(1783064, 0)
[1]{"num_added":8}
(1521105, 0)
[1]{"num_added":0}
(1424863, 0)
[0]{"num_added":1}
(676656, 0)
[0]{"num_added":2}
(813352, 1)
[2]{"num_added":2}
(856630, 0)
[0]{"num_added":4}
(938231, 0)
[1]{"num_added":3}
(625239, 0)
[1]{"num_added":5}
(723063, 0)
[1]{"num_added":5}
(355763, 6)
[1]{"num_added":2}
(580251, 0)
[1]{"num_added":2}
(449994, 1)
[1]{"num_added":0}
(600396, 1)
[1]{"num_added":3}
(1818563, 0)
[1]{"num_added":4}
(830207, 1)
[1]{"num_added":4}
(533586, 0)
[0]{"num_added":5}
(402301, 0)
[1]{"num_added":1}
(1076131, 0)
[1]{"num_added":5}
(467716, 0)
[1]{"num_added":5}
(717479, 0)
[1]{"num_added":5}
(1836800, 1)
[0]{"num_added":9}
(257887, 1)
[1]{"num_added":2}
(601739, 0)
[1]{"num_added":4}
(355295, 0)
[1]{"num_added":2}
(635875, 0)
[1]{"num_added":6}
(703800, 1)
[1]{"num_added":1}
(248469, 0)
[1]{"num_added":8}
(1430441, 0)
[1]{"num_added":2}
(538029, 0)
[1]{"num_added":4}
(606945, 1)
[1]{"num_added":6}
(704397, 0)
[2]{"num_added":2}
(702645, 0)
[1]{"num_added":4}
(1404264, 1)
[1]{"num_added":1}
(658626, 0)
[1]{"num_added":3}
(827198, 0)
[1]{"num_added":0}
(1702042, 0)
[1]{"num_added":11}
(1759752, 1)
[1]{"num_added":4}
(407561, 1)
[1]{"num_added":0}
(1323032, 0)
[1]{"num_added":2}
(853539, 1)
[1]{"num_added":3}
(559023, 0)
[1]{"num_added":4}
(980047, 0)
[0]{"num_added":2}
(1467980, 1)
[0]{"num_added":3}
(1543718, 0)
[1]{"num_added":4}
(1486625, 1)
[1]{"num_added":1}
(1791690, 0)
[1]{"num_added":5}
(1099806, 1)
[1]{"num_added":1}
(251266, 1)
[1]{"num_added":0}
(594600, 0)
[0]{"num_added":3}
(761440, 0)
[0]{"num_added":0}
(1650793, 0)
[2]{"num_added":6}
(641969, 0)
[0]{"num_added":0}
(674843, 1)
[1]{"num_added":4}
(608301, 0)
[1]{"num_added":0}
(1458018, 0)
[1]{"num_added":3}
(1444356, 0)
[0]{"num_added":3}
(922561, 1)
[1]{"num_added":1}
(302978, 0)
[1]{"num_added":4}
(1369796, 0)
[1]{"num_added":6}
(1380089, 0)
[0]{"num_added":2}
(225447, 2)
[1]{"num_added":0}
(231998, 0)
[0]{"num_added":3}
(1110567, 0)
[1]{"num_added":0}
(510816, 0)
[2]{"num_added":4}
(684304, 2)
[1]{"num_added":0}
(297315, 7)
[0]{"num_added":1}
(593909, 0)
[1]{"num_added":2}
(1012425, 1)
[1]{"num_added":4}
(513148, 1)
[1]{"num_added":3}
(1054953, 0)
[0]{"num_added":0}
(1097055, 1)
[1]{"num_added":2}
(265848, 0)
[0]{"num_added":2}
(622966, 1)
[1]{"num_added":3}
(1051799, 1)
[1]{"num_added":7}
(742206, 0)
[1]{"num_added":3}
(710241, 0)
[1]{"num_added":7}
(879164, 2)
[1]{"num_added":0}
(795488, 4)
[1]{"num_added":3}
(1439439, 1)
[1]{"num_added":2}
(731116, 2)
[0]{"num_added":3}
(1185988, 0)
[0]{"num_added":2}
(1306894, 0)
[1]{"num_added":4}
(965848, 1)
[0]{"num_added":0}
(299167, 1)
[0]{"num_added":1}
(478590, 0)
[1]{"num_added":7}
(1444158, 0)
[0]{"num_added":3}
(351219, 0)
[1]{"num_added":1}
(1003402, 3)
[0]{"num_added":2}
(605725, 0)
[1]{"num_added":0}
(845868, 0)
[0]{"num_added":2}
(1325696, 1)
[1]{"num_added":3}
(1340699, 0)
[1]{"num_added":10}
(582934, 0)
[1]{"num_added":4}
(1859506, 0)
[0]{"num_added":0}
(568549, 0)
[1]{"num_added":0}
(889168, 0)
[1]{"num_added":6}
(502130, 0)
[1]{"num_added":6}
(1302709, 0)
[0]{"num_added":5}
(1015753, 0)
[1]{"num_added":3}
(1321955, 0)
[2]{"num_added":5}
(1723570, 0)
[2]{"num_added":3}
(929900, 0)
[1]{"num_added":7}
(802025, 0)
[1]{"num_added":0}
(1582140, 1)
[1]{"num_added":2}
(728009, 2)
[0]{"num_added":3}
(999066, 0)
[1]{"num_added":4}
(1520986, 0)
[0]{"num_added":4}
(409801, 0)
[1]{"num_added":3}
(505120, 0)
[0]{"num_added":2}
(1576724, 0)
[1]{"num_added":4}
(234832, 0)
[1]{"num_added":3}
(1228074, 0)
[1]{"num_added":5}
(1260912, 0)
[1]{"num_added":2}
(1221381, 0)
[1]{"num_added":4}
(1482108, 2)
[0]{"num_added":1}
(519915, 1)
[0]{"num_added":4}
(922374, 1)
[1]{"num_added":4}
(1116697, 0)
[1]{"num_added":5}
(315034, 0)
[0]{"num_added":2}
(1315471, 0)
[1]{"num_added":0}
(1214377, 0)
[1]{"num_added":8}
(1187567, 0)
[1]{"num_added":6}
(1404264, 3)
[1]{"num_added":1}
(1019855, 1)
[1]{"num_added":4}
(1296955, 1)
[1]{"num_added":5}
(1398621, 0)
[1]{"num_added":0}
(1207353, 0)
[0]{"num_added":3}
(1013033, 0)
[1]{"num_added":1}
(1079743, 0)
[1]{"num_added":0}
(318263, 0)
[1]{"num_added":1}
(1605200, 1)
[1]{"num_added":1}
(1820171, 0)
[1]{"num_added":5}
(1195508, 0)
[0]{"num_added":0}
(396711, 0)
[1]{"num_added":3}
(835586, 0)
[0]{"num_added":5}
(889844, 0)
[1]{"num_added":3}
(850942, 0)
[1]{"num_added":6}
(1019310, 0)
[0]{"num_added":0}
(525365, 0)
[1]{"num_added":2}
(1574038, 0)
[1]{"num_added":3}
(544491, 0)
[1]{"num_added":0}
(831002, 0)
[0]{"num_added":5}
(1148172, 1)
[0]{"num_added":1}
(1345045, 0)
[0]{"num_added":3}
(456976, 0)
[1]{"num_added":4}
(739247, 4)
[1]{"num_added":0}
(553784, 0)
[1]{"num_added":3}
(789212, 0)
[1]{"num_added":6}
(1599537, 0)
[1]{"num_added":2}
(1080718, 0)
[0]{"num_added":0}
(962964, 5)
[0]{"num_added":1}
(1828251, 1)
[1]{"num_added":7}
(716486, 1)
[1]{"num_added":3}
(1833353, 0)
[1]{"num_added":2}
(352241, 1)
[1]{"num_added":4}
(591853, 0)
[1]{"num_added":4}
(1817216, 0)
[1]{"num_added":0}
(977795, 0)
[1]{"num_added":5}
(857282, 0)
[0]{"num_added":3}
(1076987, 0)
[1]{"num_added":0}
(318707, 0)
[1]{"num_added":0}
(1193301, 1)
[1]{"num_added":3}
(781919, 0)
[1]{"num_added":5}
(1837145, 0)
[1]{"num_added":7}
(418489, 0)
[1]{"num_added":4}
(1265385, 0)
[1]{"num_added":2}
(1127666, 1)
[1]{"num_added":2}
(386511, 0)
[1]{"num_added":5}
(1511506, 0)
[1]{"num_added":3}
(511936, 0)
[1]{"num_added":7}
(891418, 0)
[1]{"num_added":1}
(692396, 0)
[1]{"num_added":1}
(235418, 0)
[1]{"num_added":8}
(1517029, 0)
[0]{"num_added":1}
(1124916, 1)
[0]{"num_added":0}
(1099915, 0)
[0]{"num_added":2}
(222521, 0)
[2]{"num_added":3}
(261857, 0)
[1]{"num_added":5}
(574302, 4)
[0]{"num_added":0}
(639620, 0)
[1]{"num_added":4}
(1453312, 0)
[0]{"num_added":1}
(1449631, 1)
[1]{"num_added":3}
(1525160, 9)
[0]{"num_added":1}
(995987, 0)
[1]{"num_added":0}
(1715632, 0)
[1]{"num_added":3}
(1592885, 0)
[0]{"num_added":6}
(1130338, 0)
[2]{"num_added":6}
(317198, 0)
[1]{"num_added":3}
(1303861, 0)
[1]{"num_added":11}
(1469877, 0)
[0]{"num_added":1}
(625928, 2)
[1]{"num_added":3}
(231348, 0)
[0]{"num_added":6}
(1295185, 0)
[1]{"num_added":1}
(610411, 0)
[0]{"num_added":6}
(785048, 1)
[1]{"num_added":1}
(548442, 0)
[1]{"num_added":4}
(1033605, 0)
[1]{"num_added":0}
(1035607, 0)
[1]{"num_added":3}
(675773, 0)
[1]{"num_added":6}
(1402436, 3)
[0]{"num_added":1}
(668088, 0)
[2]{"num_added":5}
(1511362, 1)
[1]{"num_added":1}
(1539220, 0)
[1]{"num_added":5}
(453704, 0)
[1]{"num_added":5}
(1353368, 0)
[1]{"num_added":3}
(368941, 0)
[1]{"num_added":2}
(1270918, 1)
[1]{"num_added":5}
(1753599, 0)
[1]{"num_added":0}
(436722, 2)
[1]{"num_added":0}
(780466, 3)
[1]{"num_added":8}
(277131, 2)
[1]{"num_added":0}
(224523, 3)
[1]{"num_added":4}
(504818, 2)
[1]{"num_added":8}
(1425167, 1)
[1]{"num_added":1}
(524026, 1)
[1]{"num_added":2}
(779630, 1)
[1]{"num_added":4}
(252915, 0)
[0]{"num_added":0}
(636351, 11)
[0]{"num_added":2}
(588113, 1)
[1]{"num_added":0}
(431648, 1)
[0]{"num_added":2}
(1418500, 1)
[1]{"num_added":1}
(1478636, 1)
[0]{"num_added":1}
(818371, 0)
[0]{"num_added":0}
(630043, 0)
[1]{"num_added":4}
(668601, 2)
[0]{"num_added":0}
(377307, 0)
[1]{"num_added":2}
(521120, 3)
[1]{"num_added":3}
(1211428, 0)
[0]{"num_added":5}
(442092, 0)
[1]{"num_added":2}
(493553, 2)
[0]{"num_added":4}
(1409409, 4)
[0]{"num_added":1}
(422891, 0)
[1]{"num_added":2}
(725985, 1)
[1]{"num_added":4}
(638649, 1)
[1]{"num_added":0}
(639538, 0)
[1]{"num_added":3}
(1317635, 0)
[1]{"num_added":5}
(449824, 1)
[1]{"num_added":2}
(1105266, 0)
[1]{"num_added":2}
(991832, 0)
[1]{"num_added":5}
(1869833, 0)
[1]{"num_added":7}
(856087, 0)
[1]{"num_added":1}
(1332217, 2)
[1]{"num_added":3}
(1042303, 0)
[1]{"num_added":7}
(1397277, 0)
[1]{"num_added":3}
(539783, 1)
[1]{"num_added":4}
(514419, 0)
[1]{"num_added":4}
(1633700, 0)
[1]{"num_added":6}
(1320726, 0)
[1]{"num_added":4}
(221735, 1)
[1]{"num_added":7}
(406721, 0)
[1]{"num_added":0}
(316399, 1)
[1]{"num_added":1}
(243049, 0)
[1]{"num_added":3}
(987361, 0)
[0]{"num_added":9}
(338723, 0)
[1]{"num_added":5}
(247294, 0)
[1]{"num_added":3}
(1206180, 1)
[0]{"num_added":0}
(904772, 2)
[1]{"num_added":2}
(465574, 0)
[1]{"num_added":1}
(277592, 2)
[1]{"num_added":0}
(1539088, 0)
[1]{"num_added":1}
(1464237, 0)
[1]{"num_added":1}
(1403287, 0)
[1]{"num_added":2}
(342714, 11)
[1]{"num_added":6}
(999057, 0)
[0]{"num_added":0}
(1497211, 0)
[2]{"num_added":4}
(1009100, 1)
[0]{"num_added":0}
(1108729, 3)
[0]{"num_added":1}
(1326027, 0)
[2]{"num_added":4}
(306562, 1)
[1]{"num_added":4}
(392435, 0)
[1]{"num_added":0}
(326536, 0)
[1]{"num_added":1}
(839559, 0)
[1]{"num_added":3}
(738619, 1)
[1]{"num_added":5}
(1088346, 0)
[0]{"num_added":3}
(631222, 0)
[1]{"num_added":3}
(308769, 2)
[1]{"num_added":2}
(1327402, 0)
[1]{"num_added":5}
(600711, 1)
[0]{"num_added":1}
(673842, 0)
[0]{"num_added":5}
(609954, 0)
[1]{"num_added":2}
(871532, 0)
[0]{"num_added":0}
(1402585, 0)
[1]{"num_added":7}
(842550, 1)
[1]{"num_added":4}
(579328, 0)
[0]{"num_added":5}
(499387, 1)
[1]{"num_added":3}
(307184, 1)
[1]{"num_added":2}
(1329406, 0)
[1]{"num_added":1}
(759351, 3)
[1]{"num_added":4}
(714969, 3)
[1]{"num_added":1}
(821230, 1)
[0]{"num_added":1}
(250819, 0)
[1]{"num_added":2}
(1548725, 0)
[1]{"num_added":3}
(219455, 0)
[1]{"num_added":4}
(1336184, 0)
[1]{"num_added":1}
(1115036, 0)
[0]{"num_added":7}
(219736, 0)
[1]{"num_added":2}
(1097947, 2)
[0]{"num_added":0}
(1074247, 0)
[0]{"num_added":5}
(1478434, 0)
[1]{"num_added":1}
(1194428, 0)
[1]{"num_added":0}
(590777, 3)
[1]{"num_added":5}
(1395044, 1)
[1]{"num_added":6}
(688987, 2)
[1]{"num_added":6}
(531805, 0)
[1]{"num_added":0}
(469180, 0)
[1]{"num_added":0}
(341456, 0)
[1]{"num_added":2}
(1003474, 0)
[1]{"num_added":0}
(372211, 0)
[0]{"num_added":4}
(323672, 1)
[1]{"num_added":1}
(709330, 0)
[1]{"num_added":2}
(227445, 0)
[2]{"num_added":3}
(1725641, 0)
[0]{"num_added":0}
(260861, 0)
[0]{"num_added":2}
(277207, 4)
[1]{"num_added":2}
(1531991, 2)
[0]{"num_added":1}
(455638, 0)
[1]{"num_added":5}
(837111, 1)
[1]{"num_added":2}
(835877, 0)
[1]{"num_added":2}
(1544801, 1)
[1]{"num_added":5}
(339964, 2)
[1]{"num_added":4}
(697383, 1)
[1]{"num_added":4}
(1259280, 0)
[1]{"num_added":8}
(400833, 1)
[1]{"num_added":6}
(637670, 1)
[1]{"num_added":11}
(1361721, 0)
[1]{"num_added":4}
(296823, 0)
[1]{"num_added":3}
(1319454, 1)
[2]{"num_added":2}
(239778, 2)
[1]{"num_added":3}
(403435, 0)
[0]{"num_added":6}
(1881746, 0)
[1]{"num_added":3}
(534319, 0)
[1]{"num_added":8}
(427594, 0)
[1]{"num_added":0}
(1600552, 0)
[1]{"num_added":4}
(1243066, 1)
[1]{"num_added":4}
(700769, 1)
[1]{"num_added":3}
(452714, 1)
[1]{"num_added":2}
(623233, 3)
[1]{"num_added":4}
(259080, 1)
[1]{"num_added":8}
(307975, 1)
[1]{"num_added":3}
(553768, 1)
[2]{"num_added":5}
(683856, 1)
[1]{"num_added":6}
(729877, 0)
[0]{"num_added":3}
(297156, 26)
[0]{"num_added":1}
(809081, 0)
[0]{"num_added":6}
(1486341, 0)
[1]{"num_added":5}
(235877, 0)
[1]{"num_added":3}
(1776579, 0)
[1]{"num_added":0}
(1039620, 1)
[1]{"num_added":5}
(697322, 1)
[1]{"num_added":4}
(538126, 2)
[1]{"num_added":1}
(749895, 0)
[1]{"num_added":4}
(1009508, 1)
[1]{"num_added":2}
(466028, 0)
[1]{"num_added":1}
(719695, 0)
[1]{"num_added":0}
(821795, 0)
[0]{"num_added":0}
(296106, 0)
[1]{"num_added":3}
(243895, 0)
[1]{"num_added":2}
(714626, 1)
[1]{"num_added":2}
(1345912, 1)
[0]{"num_added":1}
(365459, 0)
[1]{"num_added":6}
(541416, 0)
[1]{"num_added":0}
(1118978, 0)
[1]{"num_added":4}
(626440, 2)
[1]{"num_added":4}
(602566, 0)
[1]{"num_added":1}
(679124, 2)
[1]{"num_added":0}
(998655, 0)
[0]{"num_added":0}
(355185, 0)
[1]{"num_added":0}
(397661, 0)
[1]{"num_added":3}
(312379, 0)
[1]{"num_added":9}
(1042327, 0)
[0]{"num_added":3}
(1392923, 1)
[1]{"num_added":2}
(474878, 1)
[1]{"num_added":0}
(341883, 26)
[1]{"num_added":0}
(896893, 0)
[1]{"num_added":3}
(1012860, 0)
[0]{"num_added":0}
(2023281, 0)
[1]{"num_added":6}
(442402, 3)
[1]{"num_added":2}
(569678, 1)
[1]{"num_added":3}
(401891, 0)
[1]{"num_added":8}
(1258066, 0)
[1]{"num_added":5}
(603609, 1)
[1]{"num_added":3}
(1052608, 1)
[1]{"num_added":1}
(759252, 0)
[1]{"num_added":2}
(1493835, 0)
[1]{"num_added":2}
(1187713, 1)
[2]{"num_added":0}
(783815, 0)
[1]{"num_added":2}
(935172, 0)
[1]{"num_added":4}
(232484, 2)
[1]{"num_added":1}
(670078, 0)
[0]{"num_added":8}
(375935, 0)
[0]{"num_added":3}
(727088, 0)
[1]{"num_added":2}
(609809, 1)
[0]{"num_added":0}
(477936, 0)
[1]{"num_added":3}
(1114912, 0)
[1]{"num_added":1}
(1062698, 1)
[1]{"num_added":3}
(1857144, 0)
[0]{"num_added":2}
(855605, 0)
[0]{"num_added":1}
(692854, 1)
[1]{"num_added":0}
(357877, 0)
[1]{"num_added":0}
(529288, 0)
[0]{"num_added":0}
(649843, 0)
[0]{"num_added":5}
(766787, 0)
[1]{"num_added":0}
(296106, 1)
[1]{"num_added":2}
(814908, 1)
[1]{"num_added":9}
(433528, 0)
[1]{"num_added":5}
(1091924, 0)
[1]{"num_added":1}
(1119352, 0)
[1]{"num_added":2}
(1011512, 0)
[0]{"num_added":1}
(694870, 1)
[0]{"num_added":4}
(260796, 2)
[1]{"num_added":6}
(797213, 0)
[1]{"num_added":4}
